#### Event 0 #### Ndigits 98 ####
1 30 38 22 9
1 30 38 23 10
1 30 38 24 11
1 30 39 21 35
1 30 39 22 40
1 33 34 34 6
1 33 34 35 5
1 33 34 36 5
1 33 36 28 13
1 33 36 29 17
1 33 36 30 20
1 33 36 31 21
1 33 36 32 19
1 33 36 33 18
1 33 37 26 5
1 33 37 27 5
1 33 37 28 5
#### Event 1 #### Ndigits 53 ####
0 22 34 48 17
0 22 34 49 24
0 22 35 48 50
0 22 36 47 16
0 23 36 47 46
0 23 37 46 46
0 23 38 46 16
0 27 42 41 27
0 27 42 42 39
0 27 43 40 25
0 27 43 41 40
0 27 44 40 21
0 27 45 40 17
0 28 43 40 9
0 28 43 41 15
0 28 44 39 23
0 28 44 40 25
0 28 44 41 26
0 28 45 39 22
0 28 45 40 33
0 29 44 39 15
0 29 44 40 21
#### Event 2 #### Ndigits 78 ####
0 18 3 39 38
0 18 4 39 30
0 19 3 39 17
0 19 4 39 43
0 19 4 40 58
0 19 5 39 42
0 19 5 40 61
0 19 6 40 32
0 19 7 40 18
0 19 9 42 20
